25 25
185 25
375 25
475 25
665 25
825 25
25 155
185 155
285 155
375 155
475 155
565 155
665 155
825 155
25  255
185 255
285 255
375 255
375 445
475 445
475 255
375 355
475 355
565 355
285 355
565 255
665 255
825 255
5 415
185 415
665 415
845 415
665 445
565 445
285 445
185 445
285 535
375 535
285 595
285 705
375 705
565 535
565 595
375 595
185 595
185 705
25 705
25 595
185 595
25 785
375 785
475 785
475 705
565 705
825 785
825 705
475 535
475 595
825 595
665 705
665 595