30 25
70 25
90 25
110 25
130 25
150 25
170 25
190 25
210 25
230 25
250 25
270 25
290 25
310 25
330 25
350 25
370 25
380 45
380 65
380 85
380 105
380 125
380 145
30 45
30 65
30 85
30 105
30 125
30 145
30 165
30 185
30 205
30 225
30 245
30 265
190 25
190 45
190 65
190 85
190 105
190 125
190 145
190 165
190 185
190 205
190 225
190 245
170 265
150 265
130 265
110 265
90 265
70 265
50 265
50 165
70 165
90 165
110 165
130 165
150 165
170 165
190 165
210 165
230 165
250 165
270 165
290 165
310 165
330 165
350 165
370 165
390 165
410 165
430 165
450 165
470 165
490 165
510 165
530 165
550 165
570 165
590 165
610 165
630 165
650 165
690 165
710 165
730 165
750 165
770 165
790 165
810 165
830 145
830 125
830 105
830 85
830 65
830 45
830 25
790 25
770 25
750 25
730 25
710 25
690 25
670 25
650 25
630 25
610 25
590 25
570 25
550 25
530 25
510 25
490 25
480 45
480 65
480 85
480 105
480 125
480 145
670 45
670 65
670 85
670 105
670 125
670 145
670 165
670 185
670 205
670 225
670 245
670 265
670 285
670 305
670 325
670 345
670 365
670 385
670 405
670 425
670 445
670 465
670 485
670 505
670 525
670 545
670 565
670 585
670 605
670 625
670 645
670 665
670 685
670 705
690 705
710 705
730 705
750 705
770 705
790 705
290 705
290 685
290 665
290 645
290 625
310 705
330 705
350 705
370 705
330 705
290 610
810 705
570 685
570 665
570 645
570 625
570 610
570 705
550 705
530 705
510 705
490 705
190 265
190 280
190 295
190 315
190 335
190 355
190 375
190 395
190 415
190 435
190 455
190 475
190 495
190 515
190 535
190 555
190 575
190 615
190 635
190 655
190 675
190 695
190 715
170 715
150 715
130 715
110 715
90 715
70 715
50 715
30 715
30 735
30 755
30 775
30 795
70 795
90 795
110 795
130 795
150 795
170 795
190 795
210 795
230 795
250 795
270 795
290 795
310 795
330 795
350 795
370 795
390 795
410 795
430 795
450 795
470 795
475 775
475 755
475 735
475 715
490 795
510 795
530 795
550 795
570 795
590 795
610 795
630 795
650 795
670 795
690 795
710 795
730 795
750 795
770 795
790 795
830 795
830 775
830 755
830 735
830 715
830 695
830 675
830 655
830 635
830 615
830 595
30 695
30 675
30 655
30 635
30 615
830 165
830 185
830 205
830 225
830 245
830 265
810 265
790 265
770 265
750 265
730 265
710 265
690 265
670 265
290 185
290 205
290 225
290 245
290 265
310 265
330 265
350 265
370 265
570 185
570 205
570 225
570 245
570 265
550 265
530 265
510 265
490 265
380 535
360 535
340 535
320 535
380 555
380 575
30 595
50 595
70 595
90 595
110 595
130 595
150 595
170 595
190 595
210 595
230 595
250 595
270 595
290 595
310 595
330 595
350 595
370 595
390 595
410 595
430 595
450 595
470 595
490 595
510 595
530 595
550 595
570 595
590 595
610 595
630 595
650 595
690 595
710 595
730 595
750 595
770 595
790 595
810 595
830 595
480 535
480 555
480 575
500 535
520 535
540 535
380 725
380 745
380 765