310 380 250 10
310 430 250 10
310 380 10 50
550 380 10 50
10 10 400 10
470 10 380 10
10 10 10 280
50 50 120 10
50 140 120 10
210 50 10 100
50 50 10 100
170 50 10 100

210 50 150 10
210 140 150 10
360 50 10 100

400 10 10 140
460 10 10 140
400 140 60 10
500 50 10 100
500 140 150 10
500 50 150 10
650 50 10 100

690 50 120 10
810 50 10 100
690 140 120 10
690 50 10 90
850 10 10 280
50 180 120 10
170 180 10 70
690 180 10 70
810 180 10 70

50 240 120 10
50 180 10 60
210 180 60 10
210 180 10 260
210 430 70 10
270 180 10 110
270 340 10 90
280 340 90 10
280 280 90 10
360 280 10 70
310 180 250 10
550 180 10 60
310 180 10 60
310 240 90 10
400 240 10 100
400 340 70 10
460 240 10 100
460 240 100 10
590 180 60 10
650 180 10 260
590 180 10 110
500 280 90 10
500 280 10 70
500 340 90 10
590 340 10 100
600 430 60 10
690 180 130 10
690 240 130 10
850 190 10 60
10 280 170 10
690 280 10 120
690 280 170 10
690 400 180 10
690 440 180 10
170 280 10 120
10 400 170 10
10 440 170 10
170 450 10 130
690 440 10 150
10 580 170 10
690 580 170 10
10 580 10 240
310 470 250 10
310 470 10 60
310 520 90 10
400 520 10 70
400 580 70 10
460 520 10 70
460 520 90 10
310 620 250 10
550 470 10 60
310 690 90 10
310 630 10 60
400 690 10 90
400 770 70 10
550 620 10 70
460 690 100 10
460 690 10 80
10 810 850 10
210 470 60 10
210 470 10 120
270 470 10 120
210 580 70 10
310 560 50 10
310 560 10 30
310 580 50 10
360 560 10 30
590 470 70 10
590 470 10 110
650 470 10 110
590 580 70 10
500 560 50 10
500 580 50 10
500 560 10 30
550 560 10 30
850 580 10 240
50 620 120 10
50 620 10 80
50 690 120 10
170 620 10 80
690 630 10 70
690 620 120 10
810 620 10 80
690 690 120 10
210 620 60 10
210 620 10 110
50 730 10 40
270 620 10 110
270 730 100 10
360 730 10 50
50 770 310 10
50 730 170 10
600 620 60 10
590 620 10 110
500 730 100 10
500 730 10 50
500 770 320 10
810 730 10 50
650 730 170 10
650 620 10 110